10256061
10272360
10356500
1042476
10681348
10750134
10798883
10841106
10918238
10938464
11124741
11385680
11440565
11613937
11935765
11972850
12146400
13283832
13832357
14092496
14190318
1433282
14438502
14755933
15120204
15530225
15588542
15591503
15650198
15860084
16074575
16197283
16429579
16509371
16544555
16612334
16653019
16706653
16753823
16912897
16915028
16953491
17034936
17218718
17512939
17566161
17634305
17778564
17798115
1786698
17919118
17940536
17990611
18031633
18268093
18537217
18545563
18650712
18782634
18798928
1900112
19054804
19102250
19432487
19531282
19558564
19565066
19574829
19582281
19646546
19647139
19666353
19734876
19760528
19778033
1989402
20172397
20222442
20258223
20389356
20410417
20433180
20518356
20568318
21049224
21113184
21146523
21204014
21239489
21375876
21489554
21523305
2161438
21666996
21723980
2191950
22015666
22346279
22401167
22431493
22753277
22885154
23172994
23332638
23670134
23782247
23793826
24178230
24207230
24381229
24513770
24617081
24843184
2499147
24993719
25080105
25607089
25670731
25679827
26192480
26387007
2668880
26735171
26913763
26939006
27338701
27545784
27705708
2775616
2787374
27985622
28051637
28078657
28189248
28191858
28246283
28326582
28354932
28489978
28497419
28682101
29509637
29714325
29807874
30384993
30537442
30547936
30654379
30939233
31285507
31842480
32064577
3226439
32475786
3378657
3840371
4066985
4585086
4931528
5201371
5245627
5584821
5703705
5894827
5928592
6426528
6694402
6836121
7619443
7744127
7784644
7868693
7965739
7998078
8002642
8035594
8157006
8339561
8619053
8789360
8900170
9070203
9232777
9494929
9662139
