10210006
10256061
10272360
10356500
10750134
10798883
10841106
10918238
11067318
11124741
11331877
11385680
11440565
11740269
11740425
11762912
11935765
11972850
12081025
12599234
13144056
13190047
13198072
13232648
13283832
13405900
13712586
13759615
13790935
13897310
14241038
1433282
14755933
15008471
15120204
15163275
15202982
15224471
15376197
15385971
15504623
15594240
15650198
15746588
15749658
15761586
15802404
15818606
15860084
15895379
15914751
16047017
16127220
16197283
16203821
16429582
16509371
16679155
16689744
16706653
16756312
16778952
16915028
16947270
17034936
1708635
17132219
17218718
17242056
17443285
17539175
17626107
17673794
17762760
17778564
17855884
17988279
18028214
18031633
18268093
18412611
18537217
18558190
18644870
18782634
18798928
1900112
19065496
19102250
19103347
19129979
19319071
19338728
19531282
19558564
19565066
19577638
19582281
19637205
19646546
19657061
19666353
19740213
1989402
19923678
19992388
20106842
20123109
20145541
20258223
20389356
20433180
20444214
20467669
20477347
20518356
20551004
20642838
20885049
20898440
20989699
21014476
21049224
2109437
21113184
21146523
21239489
21257482
21342999
21354475
21375876
21489554
21518416
21523305
21538220
2161438
21666996
21681408
21841498
22015666
22297610
22322754
22398752
22547213
22604793
22648349
22690953
22712370
22753277
22804160
22863920
22885154
22988235
23055694
23065711
23094170
23354495
23458725
23500884
23506238
23518642
23670134
23793826
23829192
24298957
24370447
24417224
24441890
24617081
24835005
2499147
25286209
25386493
25670731
25698573
2593324
26183591
26192483
26224548
26299882
26387007
26426307
26447723
26487593
26516014
26628553
26629870
2668880
26714902
26817784
26844288
27129932
27191630
27194821
27212035
27288470
27297437
27329194
27338701
27468368
27554853
27580840
27609480
2761660
27647787
2775616
27833569
27897254
27966195
27982668
2800474
28019095
28078657
28162429
28191858
28326582
28354932
28367085
28489978
28497419
28551174
28563315
28630146
28681193
28719215
29237380
29403581
29407721
29493613
29538300
29714325
2975614
30042239
3014595
30218848
30227196
30276261
30415560
30547936
30641822
30654379
30714391
30732374
30954455
31081807
31204137
31307428
31388822
31521316
3170773
31909516
31912124
31916826
3195620
32013655
32022391
32042396
32074156
32230351
3226439
32278966
32288767
32291907
32475685
32483236
32568952
32569550
32571839
3378657
3623822
3699038
3983510
4033805
4066985
4631935
5101150
5183959
5201371
5245627
5323998
5578706
5584821
5685268
5703705
5928592
6426528
6531152
6694402
6715005
6836121
6845909
7253378
7736312
7744127
7832486
7965739
7998078
8002642
8035594
8339561
8452009
8789360
8815348
8869696
8900170
8915601
9232777
9533580
9662139
9760591
9903017
