10378799
1042476
10510319
10589412
10612506
10651549
10825970
10841106
10973043
11440565
11598170
11720163
11740425
11762912
11791923
11833051
11930727
11935765
11966924
12007366
12336641
12505713
12523625
12527537
1295565
1298179
13198072
13232648
13349683
13405900
13462196
14099761
1429182
14382186
14438502
14470006
1454049
14607154
14755933
14912664
15376197
15557259
15650198
15751579
15756618
15761586
15770556
15802404
15860084
15914751
16084551
16276250
16444704
16481945
16509371
16535916
16706653
16738757
16756312
16844940
16906238
16912897
16915028
16923600
16937146
17034936
17089738
17136845
17218718
17419400
17454552
17512939
17539175
17566161
17680458
17778564
17798115
1786698
17919118
18028079
18163468
18194636
18268074
18268093
18287272
18343190
18344131
18465053
18537217
18560724
18598757
18608489
18707089
18733786
18862156
18896055
18897217
18922207
18948703
18951381
19020609
19022670
19026246
19103266
19129979
19212216
19273702
19277025
19317949
19382093
19531086
19564682
19565066
19582328
19588781
19637205
19646546
19740213
19741542
19786322
19799760
19806442
19812818
19963458
19968338
19980337
19992388
20027629
20031559
20145603
20222442
20352348
20389356
20444214
20477062
20477347
2049562
20518356
20568318
20611916
20617606
20642838
20682636
20705216
20758748
20793159
20808153
20835460
20879164
20967605
21017019
21049224
21087437
21113184
21146523
21173517
21191131
21212583
21216892
21239489
21257466
21259227
21270773
21331418
21337590
21342999
21388404
21417633
21420966
21455613
21463492
21484102
21488070
21522100
21523305
21538186
21547093
21605084
21666996
21763545
21859524
21937913
21948597
21958816
21965617
22046958
2208211
22082947
2212978
22164810
22190349
22297610
22411979
22465561
22485746
22547213
22615530
22632658
22634806
22648349
22798470
22844821
22981763
22991483
23027202
23118172
23137084
23197352
23197361
23276926
23337468
23371138
23520685
23538005
23675451
2389205
23958964
2409102
24212282
24284106
24304385
24308977
24381534
24429541
24441890
24507311
24548457
2459651
24719649
24737662
24747093
24748081
24843184
24879573
24920504
24999634
25080105
25099543
25173985
25208822
25371788
25480527
25625745
25669354
25670731
25816041
25858260
25949052
25980401
26122529
26126845
26140082
26277271
26299882
26338398
26395415
26425088
26447723
26495126
26509512
26579330
26663658
26714902
26735171
26795444
26849030
26882219
26913763
26946342
26948837
27129932
27146062
27167759
27174139
27195020
27218490
27234582
27308348
27315024
27323398
27342405
27382652
27448865
27495078
27545784
27554853
27610529
2761660
27621384
27655201
27660870
27696483
2775616
27877358
27942318
27973033
28028518
28083195
28091718
28162429
28168589
28191858
28255492
28314931
28326582
28337297
28385001
28497419
28563315
28646185
28744858
28790453
28799200
28996976
29213481
29251352
2925452
29267981
2929938
2929949
29493613
29509637
29538300
29576949
29630712
2963856
29683295
29714325
29721441
29763169
29777305
29845158
29886478
2989860
29921944
29926348
30004454
30098543
3014595
30172167
30213632
30222916
30238244
30240746
30272653
3027886
30411953
30415560
30473119
30537442
30553344
30562042
30578896
30592004
30658953
30678974
30691530
30732374
30871234
30921365
30947795
30967237
30987186
31043369
31055909
31059954
31065831
31092901
31100844
31100919
31114967
31115821
31123468
31126000
31128462
31147214
31153769
31164320
31169189
31182690
31192033
31195295
31196724
3195620
3219129
3226439
3476124
3623822
3699038
3828850
4033805
4066985
4190012
4230320
486121
486123
486124
4954001
5101150
5180746
5183959
5201371
5250150
5526194
5584821
5638205
5703705
5810255
5894827
5928592
6030750
6127319
6390838
6435136
6836121
6845909
7219455
7422958
7849959
7868693
7998078
8002642
8035594
8157006
8212915
8339561
8527012
8672244
8705616
8789360
8869696
8915601
9332269
9403616
9424459
9494929
9718204
9730911
9760591
9798847
9810779
9851596

10056121
10067967
10108098
10197023
10256061
10257979
10269527
10378799
10406580
1042476
10506462
10510319
10521656
10561111
10589412
10610321
10651549
10681348
10716920
10798883
10841106
10863520
10863619
10885666
10918238
10938464
11015337
11015861
11018798
11037597
11038321
11062330
11065625
11067318
11069186
11079128
11090416
11119173
11124741
11156642
11270920
1127934
11293365
11307049
11315637
11323931
11357464
11385680
11395204
11405137
11411635
11433173
11440565
11478507
11484270
11518232
11544437
11549160
11598170
11613937
11689616
11740269
11740425
11748867
11762912
11773181
11833061
11834844
11874470
11875304
11883748
11885377
11919357
11930727
11935765
11942806
11944227
11972850
11972853
11994074
12007366
12041405
12058549
12115415
12129682
12146400
12172602
12224760
12257343
12397169
12431108
12446219
12519099
12523625
12527537
12549642
12579738
12585421
12599234
12682393
12740106
12792757
12842790
12911065
1295565
1298179
13043927
13071374
13130122
13144056
13155197
13179120
13190047
13198072
13219309
13224919
13254306
13304522
13320323
13356373
13381456
13404748
13431917
13462196
13478259
13478271
13478296
13502398
13524890
13540211
13541121
13615307
13701581
13730359
13759615
13761977
13781174
13820543
13832357
13841390
13888415
13891347
13897310
13918435
1391864
13982493
13989994
13996963
14051130
14090502
14092496
14099761
1410432
14136063
14165724
14190318
14208580
14268707
14278834
1430104
14334876
1434326
14365816
14371167
14382186
14438502
14446328
14470006
14506491
14506496
14520020
14520863
14554465
14607154
14660488
14721533
14755933
14800434
14823479
14826429
14826987
14893712
14912664
14937779
14938485
14970447
15008471
15057592
15136101
15174191
15188813
15202982
15218675
15218715
15224471
15250658
15252974
1527092
15284501
1529869
15306414
15340741
15370099
15371231
15376197
15410945
15437295
15457093
15469726
15504623
15504688
15511698
15546835
15556321
15557254
15557259
15569597
15570113
15594240
15615227
15620439
15641250
15650198
15654984
15746588
15746676
15751579
15752788
15761586
15761593
15770556
15818606
15860084
15895366
15895379
15901333
15913071
15914742
15914751
15932822
15934897
1593938
15989253
16008234
16032395
16048593
16057280
16062020
16084551
16102677
16102774
16105464
16106828
16124884
16127220
16140701
16197283
16219854
16236560
16246626
16266416
16276250
16312510
16326906
16338924
16351180
16360285
16437024
16439460
16443304
16444704
16481945
16489934
16509371
16522718
16537132
16544555
16566016
16612334
16654672
16658294
16684360
16753823
16756312
16779106
16822060
16844940
16849236
16868274
16887017
16906238
16912897
16914395
16915028
16939983
16949922
16988561
16996034
17018184
17032058
17049822
17054675
17066120
17070294
17075500
17089738
17126592
17132219
17136845
17172451
17177391
17224935
17232789
17242056
17246364
17248757
17302717
17366085
17374415
17419400
17435494
17443285
17449450
17451495
17454552
17455174
17471796
17512939
17539175
17553123
17554338
17566161
17589394
17603774
17606051
1760676
17626107
17632600
17633981
17658128
17660108
17667696
17680458
17706221
17746657
17754801
17757739
17760160
17762760
17785185
17787500
17791148
17816909
17818901
17832451
17855884
1786698
17899740
17919118
17934421
17940536
17979615
17982801
17987655
17988279
17990611
17996178
18028079
18028214
18030264
18031633
18066537
18082987
18083731
18086857
18117644
18121044
18133085
18133606
18134365
18161554
18163468
18176044
18194636
18197901
18203324
18217951
18221756
18225308
18238478
18243910
18268093
18285697
18303474
18325140
18350699
18375226
18406747
1842104
18425550
18455381
18457648
18478577
18481177
18498479
1850262
18503410
18530688
18537217
18545046
18551227
18560726
18562199
18577596
18587417
18595268
18598757
18600058
18603787
18608489
18620849
18624207
18644870
18650712
18651727
18660812
18712968
18727814
18750529
18757422
18763678
18771488
18773807
18817369
18837310
18838415
18875227
18889213
1889317
18893646
18922201
18922207
18934587
18937715
18940041
18948703
18951380
18951381
18959889
18968133
18968337
18980681
1900112
19017380
19020609
19022670
19032571
1904856
19051550
19051551
1905330
19054804
19065496
19071119
19077061
19093105
19095831
19096782
19102250
19102998
19103347
19129979
19167229
19191237
19194739
19204513
19209388
19212216
19230725
19269604
19277025
19280789
19302851
19304209
19313028
19317949
19335073
19344324
19347364
19353443
19354477
19357214
19373492
19376505
19408302
19409220
19419675
19425789
19436087
19442546
19466720
19468763
19484024
19486667
19488251
19493207
19502318
19513913
19516880
19531282
19533220
19535959
19538545
19538691
19544246
19545805
19549193
19559176
19564682
19565066
19574685
19574829
19575748
19582281
19582312
19582328
19594959
19597735
19605272
19610180
19610186
19631151
19637205
19639023
19646546
19647139
19657061
19661830
19688602
19716017
19740213
19752723
19760528
19778033
19783148
19787643
19799760
19799830
19801084
19806442
19812818
19837315
19855804
19879400
19882714
19890294
1989402
19901662
19903441
19905868
19923678
19939894
19944117
19950893
19953721
19955325
19960788
19963458
19965509
19968338
19971458
19980337
20011313
20018266
2002083
20021619
20027629
20031559
20033137
20033442
20039395
20059521
20064067
20064069
20074724
20079184
20087029
20095806
20106424
20106842
20111665
20123116
20131552
20145541
20148114
20148682
20153390
20154048
20173987
20184078
20184089
20192151
20202003
20204437
20213421
20219797
20222442
20224872
20225209
20247977
20249367
20250177
20255695
20258231
20261533
20285871
20300517
20301912
20304808
20308370
20313682
2032149
20324430
2034363
20374311
20389356
20393597
20401470
20401497
20408979
2041404
20420041
20430903
20438392
20446444
20467669
20478322
20487673
20489591
20493619
20506003
20515050
20516170
20518356
20536116
20551004
20554132
20555782
20556654
20558025
20558064
20565414
20570838
20596953
20606464
20611916
20617606
20642838
20656713
20682636
20705216
20730211
20752687
20758748
20778607
20778712
20784717
20793159
20803055
20817736
20830417
20835460
20841553
20853501
20885049
20890258
20898440
2090657
20917351
20929447
20954533
20969127
20970900
20976957
20982096
20988731
20989699
21004229
21006268
21006291
21016413
21017935
21021707
21021744
21021756
21026078
21038636
21041535
2104297
21049224
21052778
2106277
21081001
21082389
21083994
21087430
21093464
2109437
21097338
21106756
21112589
21113184
21114736
21123819
21129603
21134133
21135041
21141996
21146523
21159579
21161425
21168997
21173517
21178634
21190235
21191131
21195202
21195887
21204070
21210974
21212583
21214373
21216892
21239489
21239516
21240761
21241479
21247015
21251593
21251597
21257466
21259227
21263605
21265965
21270773
21277339
21281859
21283017
21285772
21291889
21292866
21307893
2132265
21325367
21326446
21331418
21337590
21342767
21342999
21356221
2135631
21358647
21362776
21368526
21370537
21374069
21375876
21377710
21384839
21384867
2138735
21388404
21390571
21394467
21396316
21396823
21411031
21412649
21417633
21420966
21424515
21446836
21451120
21455613
21456447
21461386
21463492
21463538
21469789
21473882
21474827
21488070
21489859
21495245
21513707
21515472
21518416
21522100
21523305
21530737
21538186
21545518
21547093
21557143
21560940
21566836
21580645
21592813
21600647
21605084
21612738
2161438
21619616
21634090
21638676
21642404
21647707
21655085
21666776
21666996
21667235
21674751
21680473
21681406
21681408
21702593
21708591
21708602
21723980
21743917
21774738
21780072
21791762
21793008
21810397
21834364
21840107
21841498
21843855
21848540
21857124
21859524
21867733
21870127
21882493
21886681
21891262
21891263
21908569
21912391
2191557
2191950
21922344
21937913
21966257
21973033
21975906
22006022
22015290
22030920
22039909
22046961
22051385
22069182
2208211
22082947
22085391
22086022
22122685
2212978
22132131
22140456
22154083
22156402
22164810
22165682
22180736
22188233
22189681
22190349
22194970
22228534
2222863
22233066
22241680
22249349
22249372
22265107
22270548
2228444
22292383
22299760
22304369
22322754
22329637
22331985
22343349
22348814
22349752
22378340
22387568
22392724
22404768
22405087
22405543
22406943
22409784
22410468
22411979
22413403
22417666
22419375
22428467
22431256
22434883
22436708
22449883
22456546
22460951
22465561
22476957
22490073
22493419
22494297
22512832
22521148
22526477
22527393
22528979
22530115
22531249
22535302
22542890
22544785
22547213
22550265
22552115
22556016
22590282
22591084
22597539
22600601
22604793
22627582
22632658
22634806
22643457
22651150
22652638
22656644
22657407
22670539
22670869
22672051
22672687
22692081
22702249
22702250
22703557
22712406
22733699
22753277
22764905
22765122
22765123
22765679
22769435
22771494
22772703
22776593
22781595
22781687
22782160
22793164
22797152
22798470
22799630
22804335
22818180
22820260
22825235
22827207
22834675
22838702
22846200
22847654
22860623
22863433
22869337
22885154
22888119
22890699
22902600
22942247
22981763
22991471
22991483
22997628
23021536
23046024
23065605
23094170
23147627
23175082
23197352
23205268
23208959
23228028
23274857
23276926
23278834
23295773
23296773
23302737
23309868
23313668
23320273
23321773
23332638
23335729
23337468
23352685
23353464
23354495
23360150
23377336
23382364
23383864
23452035
23458725
23466341
23467248
23467341
23467345
23469887
23477006
23480483
23500884
23504334
23506238
23508816
23511732
23514752
23519797
23520685
23537850
23554822
23564466
23566765
23584950
23638244
23645602
23666661
23670134
23715554
23715809
23742617
23745373
23757225
23758848
23778805
23782258
23790178
23793826
23802397
23828453
23829192
23830687
23836369
23857205
23868382
23881132
2388929
23895665
23897142
23898571
23918230
23920310
23923645
23948341
23958964
23972537
23972936
23976247
24006137
24010010
24010158
24026481
24035044
24043006
24086662
24118486
24149270
24162419
24167219
24169789
24176025
24178230
24192407
24207230
24210526
24212282
24219693
24249287
24254955
24258096
24261183
24266868
24284106
24297721
24298952
24298957
24308970
24337775
24353631
24368754
24370447
24381309
24381534
24383667
24388873
24401134
24408371
24417224
24419057
24435430
24449760
24454352
24479513
24511870
24516776
24524493
24525982
24531000
24538578
24538579
24538608
24579801
24596118
2459651
24598092
24607858
24616235
24620161
24621326
24628743
24630524
24632070
24641971
24670603
24680627
24681968
24684400
24701046
24710860
24719649
24725844
24734377
24744539
24747093
24748081
24765585
24767991
24787648
24800019
24808622
24808719
24811827
24828767
24840933
24843184
24851190
24858391
24887916
24893326
24905703
24906003
24911079
24912178
24914845
24920504
24920913
24922236
24922471
24934209
24945597
24953245
24962734
24988962
2499147
24993777
25000327
25020449
25039882
25053566
25080105
25084435
25090863
25099528
25099543
25099551
25141870
25156692
25167683
25193112
25209765
25211021
25215619
25236164
25241646
25241752
25252651
25256600
25274268
25275709
25287336
2531647
25318648
25322575
25325625
25333639
25345052
25350461
25355611
25367023
25381672
25384609
25387142
25393338
25442150
25522254
25527023
25543760
25545452
25547549
25576662
2557685
25584292
25592688
25593112
25603408
25614348
25621986
25625428
25625745
25627775
25637461
25643600
25664642
25670731
25681319
25682628
25692844
25699202
25718314
25728431
25735762
25735983
25737206
25738365
25745952
25800132
25816041
25817997
25828359
25849956
25850329
25858260
25862875
25877290
25878502
2590487
25911698
25919682
2593324
2593555
25949052
25952550
25956933
25957881
25980401
25982065
25988888
25991408
25998205
26008293
26011447
26019719
26031248
2603401
26037342
26044278
26048216
26053397
26053608
26055858
26059787
26066608
26084387
26103662
26115405
26115419
26118433
26122865
26126845
26128971
26137667
26140082
26142694
26147024
26147029
26161625
26167157
26168167
26192480
26192483
26210668
26212523
26227872
26252975
26265973
26277271
2628593
26292967
26299882
26304840
26317393
26319709
26330728
26351224
26385011
26389536
26402271
26403051
26406401
26416514
26425088
26426100
26432389
26442011
26447755
26458488
26462424
26472291
26472575
26480833
26495126
26508858
26509512
26516407
26543961
26553790
26554724
26560088
26562292
26578067
26579330
26583670
2659039
26619602
26623977
2662562
26628553
26629870
26632036
26637022
26639095
26663650
2670689
26708657
26714902
26717967
26735171
26767950
26776498
26777590
26792710
26795444
26807276
26821637
26844288
26855827
26882219
26887847
26900274
26900441
26904057
26904713
26911572
26913763
26918601
26925440
26927512
26931164
26937761
26939006
26940884
26946227
26946342
26948837
26955599
26963202
26963206
26970289
26971918
26973921
26981533
26983664
26986839
26992925
26995389
27003754
27005961
27021765
27032996
27035469
2704213
27051903
27063038
27071475
27084556
27085543
27085557
27104371
27108132
27110567
27117172
27118971
27129932
27140531
27145780
27145897
27146062
27146329
27153275
27155960
27163486
27165916
27167740
27167749
27167759
27168324
27169484
27173133
27183478
27183581
27187184
27188366
27191630
27194821
27202565
27208198
27212024
27212669
27214595
27218486
27218490
27223917
27231160
27237136
27244177
27261401
27263321
27264734
27270632
27273360
27276453
27286037
27297437
27307786
27308346
27308348
27315054
27318203
27323342
27323516
27329194
27332930
27335557
27340602
27362111
27365426
27366431
27373820
27382652
27385483
27392267
27412528
27418228
27439738
27448865
27449657
27450907
27453527
27477749
27481037
27486240
27495078
27504578
27520628
27521279
27524321
27524324
27525915
27539864
27542382
27543369
27543370
27545784
27550053
27550384
27561111
27564037
27571906
27580840
27582087
27592117
27595096
27602486
27604465
27609482
27610154
27610529
27612465
27623815
27629852
27638363
27642428
27656318
27660870
27671803
27673550
27689751
27696483
27697555
27705708
27705880
27719529
27740177
27750261
27753782
27756950
27760941
27764371
27770355
27780919
27785799
27794930
27796074
27807238
27815789
27850689
27853734
27854509
27857308
27873925
27877358
27878615
27891772
27931297
27934759
27939918
27939924
27942318
27947943
27956977
27958838
27967317
27967783
27968903
27973033
27982673
27984973
27985622
27988696
27994875
28003343
28004631
28005963
28010674
28011970
28020640
28022172
28026305
28028518
28037960
28040360
28051637
28054668
28057735
28064656
28065829
28070124
28074784
28088750
28113654
28125461
28135490
28147213
28150683
28157672
28162659
28163212
28163558
28168589
28180243
28191858
28212054
28215576
28234197
28236570
28239296
28241570
28243738
28246283
28248463
28255492
28255510
28257933
28265660
28272886
28275669
28276493
28281771
28289838
28290755
28293943
28297227
28299518
28313981
28314931
28320455
28321600
28337297
28348345
28354388
28354928
28354932
28367085
28376516
28377895
28387849
28393956
28398819
28407336
28409869
28411018
28417064
28426497
28435018
28449135
28449148
28455590
28458504
28474203
28474719
28476552
28486332
28487753
28493164
28497419
28498060
28500269
28507641
28527453
28528492
28529185
28532296
28533461
28539402
28543447
28550662
28552631
28559281
28563315
28582792
28598684
28605404
28605761
28605774
28614304
28615144
28615233
28630209
28630462
28639669
28645300
28646185
2864834
28649416
28651533
2865605
28657039
28659043
28664900
28666581
28669662
28673271
28681192
28682101
28683097
28691586
28693869
28718876
28719213
28719215
28721100
28744858
28749108
28766123
28768684
28770109
28770529
28776843
28790453
28796423
28799200
28818505
28863838
2888587
28903083
28917680
28917685
28917688
28939227
28943882
28962805
28976378
28988826
29000468
29016965
29029383
29145545
29153150
29155713
29159188
29160437
2916160
29166747
29179972
29191533
29201083
29213481
29227771
29237380
29251352
2925452
29267981
29276063
29276116
29283381
29289782
29294865
29313889
29346516
29346552
29346555
29359639
29363650
29375362
29387455
29400802
29403581
29406330
29407721
29416717
29423204
29423210
29426165
2943411
29449225
29457535
29468670
29470877
29491177
29491301
29491343
29492460
29497774
29502032
29502720
29506124
29509637
29510437
29513540
29533980
29538300
29545789
29559042
29563169
29573545
29576949
29581095
29582499
29594452
29605354
29607656
29634467
29637237
29642122
29645369
29649741
29659657
29674938
29676540
29707474
29708124
29714323
29714325
29718265
29721441
29728445
29741826
29747880
29750741
29763169
29782979
29786377
29806871
29813415
29815399
29815407
29828664
29829287
29833906
29843378
29845158
29851428
29862256
29864564
29887287
29887772
29892125
29894549
29895424
29898309
2989860
29900843
29906790
29920454
29921944
29926348
29927156
29941989
29946505
29960778
29971922
29972177
29981576
29981578
29985645
30004454
30012317
30017960
30018484
30020767
30032854
30041354
30042239
30044127
30047480
30048765
30052776
30052959
30054283
30058285
30070849
30073026
30078886
30081490
30086061
30095814
30099429
30108709
30124550
30127055
30127267
30127282
30132840
30138750
30140712
3014595
30178620
30183034
30197009
30197027
30209384
30215646
30222906
30223667
30234627
30234629
30238766
30240746
30241727
30243577
30253478
30258922
30263514
30265758
30266669
30272653
30273451
3027886
30282457
30305688
30314002
30341946
30343726
30347774
30356480
30357861
30360041
30363782
30366596
30376301
30379634
30379642
30382955
30391457
30402757
30410009
30414272
30415560
30423747
30434629
30436799
30438325
30438369
30442081
30445694
30454961
30457475
30464997
30472116
30472585
30473119
30475498
30476850
30486893
30489677
30497223
30500738
30515397
30515401
30520276
30520640
30521014
30529392
30529401
30534432
30534552
30537442
30537589
30543508
30544339
30544355
30546420
30547936
30549957
30552142
30552477
30559270
30561443
30561673
30562040
30562042
30562055
30563785
30565946
30568795
30570381
30572114
30572980
30573611
30574633
30585282
30592001
30603014
30607363
30627489
30627509
30628329
30630017
30633673
30636436
30641655
30641659
30644436
30644480
30649472
30653881
30654378
30654379
30654394
30654450
30657456
30658953
30663254
30664348
30667043
30667060
30667673
30669776
30673895
30674018
30674071
30678002
30678040
30678050
30678974
30685542
30691530
30699215
30702170
30702240
30703667
30705110
30705805
30708672
30711013
30712680
30712683
30714391
30716974
30718031
30718036
30722480
30723316
30726986
30728870
30730973
30732374
30734100
30734585
30735411
30738349
30741011
30741404
30741434
30745650
30749818
30757375
30758363
30761109
30768625
30772832
30773997
30778469
30782551
30784623
30786607
30801917
3080212
30805215
30808084
30808291
30814989
30817658
30823070
30829675
30831445
30831629
30838712
30846819
30853170
30853176
30855928
30855929
30867066
30868139
30871234
30881757
30885969
30887488
30890167
30895500
30897618
30903156
30913077
30915978
30916069
30917845
30921343
30923812
30928748
30928757
30931653
30936667
30939190
30939233
30940450
30943340
30949468
30949473
30951420
30954454
30965117
30965297
30966672
30967965
30969469
30970718
30970734
30970743
30981646
30986512
30987186
30988931
30989558
30990513
30991362
30991388
30991743
30995053
30995056
30995057
31001272
31001304
31003653
31004546
31014246
31020395
31020424
31021413
31022982
31023330
31024167
31029596
31029608
31038002
31038012
31038401
31039843
31040461
31042981
31046752
31050695
31052096
31053184
31053223
31053240
31053312
31054077
31054687
31055909
31055911
31055930
31056749
31058473
31058922
31060942
31061639
31065681
31065772
31065817
31065831
31065865
31065887
31068457
31070028
31070030
31070031
31072509
31073220
31073503
31077991
31078039
31078920
31078922
31080438
31081519
31081807
31083240
31083248
31083250
31083251
31085406
31085853
31088707
31088709
31091442
31092844
31093126
31093441
31094065
31094163
31094227
31094386
31100916
31101692
31102244
31102249
31104550
31107318
31111309
31111536
31111546
31111559
31111563
31111604
31112847
31113537
31114954
31114967
31114969
31115821
31115907
31116731
31117371
31118148
31119574
31119719
31119812
31123468
31124704
31124707
31126000
31128341
31129211
31130513
31130720
31131281
31131493
31132030
31133309
31133313
31133332
31134200
31138352
31138988
3113932
31139917
31141097
31141316
31141472
31141490
31141519
31141546
31141552
31141558
31141564
31141592
31141897
31142931
31142938
31143097
31144080
31144898
31144899
31144900
31144902
31144904
31146187
31147214
31147222
31150236
31151811
31152142
31152463
31153672
31153700
31153734
31153735
31153769
31153820
31154420
31154641
31154827
31155028
31156391
31156395
31156670
31157350
31157711
31160728
31161779
31165069
31166680
31166691
31169183
31169197
31170317
3121807
3124737
3129189
3170773
3176887
3185519
3195620
3204009
3226439
3253240
331604
3378657
3396421
3401780
3423376
3449667
3476124
3493683
3533187
3614714
3615066
3658530
3690085
3699038
3765510
3825070
3840371
3840855
3958864
4033805
4066985
4128739
4190012
4191600
4601781
4631935
4811743
486121
486123
486124
4921794
4954001
497603
4990890
5010517
5014389
5037179
5075616
507930
5081631
5101150
5113873
5122207
5183959
5212403
5223937
5225057
5245627
5306066
5325548
5327273
5340203
5350354
5361067
5392723
5414449
5421882
5453814
5462762
5464014
5502332
5538993
5553115
5574957
5578706
5584821
5634561
5638205
5703705
5732682
5739928
5810255
5810348
5863032
5888212
5894827
5918118
5928592
5969173
6030750
6074758
6127319
6165895
6213082
6281843
6331407
6368142
6391707
6397215
6426528
6429092
6435110
6435136
6468024
6507624
6531152
6539334
6669698
6687294
6694402
6715449
6803010
6836121
6845909
6896082
6987174
7155413
7191177
7253378
7285791
7326637
7332509
7411522
7446226
7456021
7495364
7532894
7555021
7588351
7595842
7613624
7662544
7665243
7736312
7816961
7849959
7855800
7904316
7936947
7958626
7965739
7998078
8001315
8002642
8068399
8080414
8117190
8138881
8157006
8167515
8168772
8172564
8212915
8392774
8514276
8521818
8527012
8550559
8619053
8698984
8787774
8789360
8815348
8826154
8869696
8900170
9115074
9124952
9142714
9196396
9232777
9255163
9324589
9332269
9424459
9445754
9451111
9451114
9465852
9494929
9533580
954040
9584094
9584095
9597419
9612061
9635076
9642393
9688365
9709263
9718204
9730911
9760591
9761083
9784073
9810779
9813612
9813887
9833301
983496
9855495
9865404
9890922
9928713
9948032
9977192
10100340
10239808
10256061
10272360
10449950
10510319
10651549
10681348
10716920
10798883
10825970
10828998
10841106
10851299
10863520
10918238
10934248
10938464
10973043
11003561
11037597
11067318
11090416
11124741
11254204
11293365
11385680
11440565
11544437
11598170
11613937
11732396
11740425
11762912
11773181
11833051
11833061
11919357
11935765
11942825
11972850
11994074
12058549
12146400
12156660
12183402
12257343
12275653
12336641
12411663
12431108
12523625
12527537
12682393
12842790
12896705
13190047
13283832
13317946
13431917
13462196
13478259
13478296
13541146
13653489
13964665
14090502
14092496
14099761
14110474
14136063
14190318
14379329
14382186
14438502
14520863
14607154
14754296
14755933
14777190
14872785
15120204
15202982
15218715
15264795
15340741
15376197
15410945
15452580
15459405
15469726
15504623
15588542
15594240
15594291
15607042
15615227
15650198
15652615
15654984
15749658
15751579
15756618
15818606
15860084
15895366
15895379
15914265
15914751
15975927
16008234
16060661
16070064
16106828
16203821
16276250
16312510
16351180
16397585
16429579
16429582
16509371
16544555
16566016
16619324
16653019
16679155
16689744
16792142
16849240
16906238
16912382
16912384
16912897
16915028
16937146
17034936
17070294
17136845
17177391
17242056
17293485
17413354
17419400
17454552
17512939
17539175
17547836
17566161
17626107
17680458
17686369
17752200
17778564
17785185
17798115
17803222
17832451
1786698
17919118
17940536
17988279
17990611
18028214
18031633
18082987
18092629
18156599
18163468
18243910
18268093
18285697
18343190
18384765
18457648
18481177
18537217
1854236
18545563
18558190
18560724
18595268
18608489
18620849
18644870
18650712
18733786
1889317
18893499
18897217
18934587
18951381
18968133
19020609
19026246
19054804
19065496
19102250
19103347
19212216
19224642
19294676
19317949
19363673
19408302
19425789
19432487
19531282
19565066
19574829
19576696
19582281
19610186
19634200
19637205
19646546
19647139
19657061
19666353
19734876
19740213
19752723
19756518
19760528
19778033
19799760
19799830
19950915
19953721
19963458
19968338
19980337
19992388
20018266
20021619
20027629
20031559
20070338
20074084
20096565
20106424
20148114
20187031
20258223
20261533
20305679
20324430
2034363
20355527
20389356
20438392
20444214
20467669
20477347
20515050
20517955
20518356
20536116
20539030
20551004
20557214
20568318
20570838
20642513
20642838
20705216
20758748
20778607
20817736
20834370
20835460
20853501
20969127
21026078
2104297
21049224
21058220
21072291
21081001
21082389
21087437
2109437
21113184
21123819
21135041
21146523
21147164
21159579
21176064
21204014
21212583
21214373
21251597
21257466
21259227
21270773
21292866
21307893
21331418
21337590
21342999
21354475
2135631
21362833
21375876
21384867
21388404
21394467
21417633
21420966
21451120
21455613
21461386
21469789
21488070
21489859
21515472
21518416
21523305
21538186
21547093
2161438
21619616
21647707
21655613
21666996
21708591
21708602
21723980
21763545
21793008
21841498
21857124
21886681
21891263
2191950
21937913
22039909
22085391
22092041
22118615
2212978
22139462
22156402
22164810
22189245
22190349
22265107
22297610
22331985
22401167
22409784
22411979
22431007
22431256
22449883
22494297
22531249
22547213
22550265
22590282
22648349
22657407
22670539
22690953
22712370
22753277
22772703
22781595
22799630
22804335
22827207
22847654
22863920
22885154
22991483
23046024
23285877
23325467
23332638
23337468
23371138
23377336
23458725
23500884
23508816
23564466
23566765
23670134
23715554
23770159
23793826
23923645
23948341
2409102
24167219
24178230
24210526
24212282
24284106
24297721
24304385
24308977
24368754
24370447
24401134
24417224
24524493
24579801
24617081
24628743
24681968
24719649
24747093
24811827
24843184
24861560
24913247
24922471
25001444
25039882
25051365
25080105
25168031
25236164
25241745
25274141
25274268
25325625
25614348
25621986
25669354
25670731
25679827
25682628
25698573
25816041
25858260
25877292
2593324
25949052
25980401
26115405
26125155
26126845
26192480
26192483
26277271
26317393
26387007
26425088
26447755
26472575
26476069
26495126
26496155
26509512
26579330
2659039
26629870
26658261
26663658
26693947
26735171
26792710
26844288
26872837
26882219
26911572
26913763
26931164
26947599
26948837
2704213
27117172
27183581
27208198
27212024
27234582
27308346
27340602
27352634
27457822
27461516
27545784
27554271
27583131
27610529
2761660
27617582
27621384
27642428
27655201
27656318
27673550
27733075
27740254
27833570
27877358
27878615
27912772
27942318
27966195
28004631
2800474
28028518
28078657
28162659
28168589
28189248
28191858
28246283
28257930
28265660
28326582
28354928
28354932
28367085
28373783
28377895
28385001
28393956
28427699
28449148
28487753
28528498
28529185
28551174
28659043
28659138
28682101
28683097
28691606
28761978
28917680
29003832
29213481
29237380
29271898
2929949
29400802
29407721
29426165
29509637
29512479
29538300
29573545
29576949
29674938
29721441
29750741
2975614
29760827
29777305
29803735
29804325
29845158
29895424
29921944
29926348
29952139
29960778
29971922
30004454
30032854
30098217
30098543
30098544
30126566
30138750
3014595
30156365
30213632
30222916
30238766
30240746
30258910
30268484
30276136
3027886
30335768
30384983
30415514
30434530
30461055
30500640
30500738
30544346
30547936
30549957
30552142
30559270
30570381
30641687
30644480
30654378
30654379
30658953
30663521
30682205
30691530
30702145
30712694
30724223
30736793
30778002
30807551
30831629
30861753
30871234
30897615
30992674
30997378
31023337
31055909
31080725
31081807
31100844
31114967
31115821
3111899
31119812
31129211
31157343
31157345
31165849
31169197
31182587
31195295
31196665
31227329
31232598
31246705
3176887
3195620
3219129
3226439
3337624
3441406
3449667
3634803
3699038
3828850
3983510
4033805
4631935
4722079
4811743
486121
486124
4954001
507930
5101150
5122207
5180746
5185645
5201371
5232881
5245627
5421882
5638024
5732682
5826901
5894827
5918118
5928592
5969173
6085953
6101026
6281843
6289808
6426528
6655375
6836121
6845909
6983514
7219455
7253378
7456021
7532894
7736312
7744127
7784644
7868693
8035594
8080414
8109946
8157006
8452009
8514276
8550559
8606551
8619053
8782570
8789360
8815348
8869696
9070203
9142714
9232777
9324589
9332269
9403616
9451114
9494929
9584094
9584095
9662139
9709263
9730911
9760591
9810779
9855495
990842
9977192
